/usr/local/bin/python3 /Users/pgutiea/Desktop/TSPJ_MM/Codigos/multi.py
(base) pgutiea@MCADF7XFF TSPJ_MM % /usr/local/bin/python3 /Users/pgutiea/Desktop/TSPJ_MM/Codigos/multi.py
Running with parameters: ['-p', 'secuential', '-size', 'small', '-alg', 'gurobi', '-subtour', 'dl', '-initialsol', 'True', '-callback', 'custom1', '-bounds', 'True', '-newformulation', 'True'] 
size      instance  obj       lb        gap       time      status         Sol Count NodeCount #callback timecallback
small     1         298.0     298.0     0.0       2.0965    OPTIMAL        2         86.0      67        0.15946435928344727
small     2         267.0     267.0     0.0       1.8314    OPTIMAL        3         75.0      53        0.13625001907348633
small     3         280.0     280.0     0.0       3.5686    OPTIMAL        4         152.0     153       0.390042781829834
small     4         283.0     283.0     0.0       2.8311    OPTIMAL        5         76.0      69        0.21923065185546875
small     5         275.0     275.0     0.0       2.4515    OPTIMAL        3         1.0       42        0.11572051048278809
small     6         298.0     298.0     0.0       1.8867    OPTIMAL        6         29.0      56        0.1350231170654297
small     7         281.0     281.0     0.0       7.4419    OPTIMAL        3         588.0     484       1.1414902210235596
small     8         250.0     249.98    0.0096    1.2194    OPTIMAL        2         54.0      47        0.11142444610595703
small     9         277.0     277.0     0.0       0.6135    OPTIMAL        1         1.0       18        0.03261613845825195
small     10        308.0     307.98    0.0076    3.9943    OPTIMAL        5         341.0     241       0.5503048896789551
small     11        297.0     296.99    0.0031    2.4767    OPTIMAL        3         207.0     156       0.39286279678344727
small     12        280.0     280.0     0.0       1.4748    OPTIMAL        2         1.0       21        0.06052708625793457
small     13        263.0     263.0     0.0       5.7157    OPTIMAL        5         216.0     167       0.5282483100891113
small     14        266.0     266.0     0.0       2.7324    OPTIMAL        2         332.0     284       0.5699009895324707
small     15        269.0     269.0     0.0       1.1741    OPTIMAL        2         1.0       18        0.05497264862060547
small     16        291.0     291.0     0.0       3.2064    OPTIMAL        4         92.0      101       0.2516634464263916
small     17        260.0     260.0     0.0       1.7493    OPTIMAL        3         82.0      74        0.18554043769836426
small     18        252.0     252.0     0.0       1.3887    OPTIMAL        2         27.0      51        0.1119687557220459
small     19        239.0     239.0     0.0       1.922     OPTIMAL        2         52.0      74        0.14395904541015625
small     20        281.0     281.0     0.0       2.06      OPTIMAL        4         78.0      69        0.17677617073059082
small     21        284.0     284.0     0.0       0.8876    OPTIMAL        3         1.0       13        0.02695012092590332
small     22        236.0     236.0     0.0       0.9373    OPTIMAL        2         22.0      37        0.08278179168701172
small     23        274.0     274.0     0.0       1.3866    OPTIMAL        2         47.0      55        0.11653757095336914
small     24        290.0     290.0     0.0       2.4615    OPTIMAL        2         33.0      56        0.16207265853881836
small     25        238.0     238.0     0.0       0.6235    OPTIMAL        1         1.0       14        0.026798009872436523
small     26        289.0     289.0     0.0       2.3383    OPTIMAL        4         347.0     263       0.5034232139587402
small     27        296.0     296.0     0.0       3.5593    OPTIMAL        5         169.0     151       0.44367456436157227
small     28        280.0     280.0     0.0       4.3316    OPTIMAL        4         506.0     340       0.8735988140106201
small     29        294.0     294.0     0.0       3.4494    OPTIMAL        2         155.0     152       0.43129920959472656
small     30        296.0     296.0     0.0       1.9691    OPTIMAL        3         35.0      46        0.1305859088897705
small     31        258.0     258.0     0.0       2.847     OPTIMAL        3         88.0      58        0.15086913108825684
small     32        318.0     318.0     0.0       3.1518    OPTIMAL        5         594.0     403       0.6922645568847656
small     33        304.0     304.0     0.0       2.1365    OPTIMAL        3         101.0     85        0.24305319786071777
small     34        293.0     293.0     0.0       2.0627    OPTIMAL        6         4.0       22        0.09346175193786621
small     35        280.0     280.0     0.0       3.1561    OPTIMAL        3         109.0     95        0.23972368240356445
small     36        263.0     263.0     0.0       5.263     OPTIMAL        3         889.0     518       1.0893447399139404
small     37        269.0     269.0     0.0       1.7583    OPTIMAL        3         34.0      45        0.10973477363586426
small     38        247.0     247.0     0.0       1.5521    OPTIMAL        2         172.0     125       0.22450637817382812
small     39        274.0     274.0     0.0       1.4716    OPTIMAL        2         24.0      54        0.1135857105255127
small     40        254.0     254.0     0.0       3.6792    OPTIMAL        2         34.0      59        0.16057944297790527
small     41        282.0     282.0     0.0       1.1629    OPTIMAL        2         1.0       18        0.050379037857055664
small     42        292.0     292.0     0.0       2.452     OPTIMAL        3         107.0     106       0.24418997764587402
small     43        291.0     291.0     0.0       3.0504    OPTIMAL        3         30.0      62        0.17058038711547852
small     44        264.0     264.0     0.0       2.5749    OPTIMAL        2         253.0     204       0.410402774810791
small     45        317.0     317.0     0.0       3.2701    OPTIMAL        5         125.0     115       0.36171603202819824
small     46        242.0     242.0     0.0       0.9774    OPTIMAL        2         1.0       26        0.06351876258850098
small     47        314.0     314.0     0.0       2.9267    OPTIMAL        5         82.0      83        0.18976593017578125
small     48        294.0     293.98    0.0067    2.6799    OPTIMAL        2         142.0     139       0.3455832004547119
small     49        264.0     264.0     0.0       3.4592    OPTIMAL        3         65.0      80        0.19230294227600098
small     50        286.0     286.0     0.0       2.8282    OPTIMAL        7         1.0       53        0.11695337295532227
small     51        273.0     273.0     0.0       3.1909    OPTIMAL        3         114.0     96        0.22030282020568848
small     52        334.0     334.0     0.0       3.2764    OPTIMAL        5         160.0     156       0.44417595863342285
small     53        281.0     281.0     0.0       2.8845    OPTIMAL        2         78.0      100       0.26709723472595215
small     54        262.0     262.0     0.0       1.2737    OPTIMAL        2         5.0       34        0.06304502487182617
small     55        299.0     299.0     0.0       1.8083    OPTIMAL        2         38.0      73        0.13726449012756348
small     56        288.0     288.0     0.0       0.5455    OPTIMAL        1         1.0       9         0.013976573944091797
small     57        254.0     254.0     0.0       2.6707    OPTIMAL        3         34.0      62        0.14832687377929688
small     58        331.0     331.0     0.0       0.7632    OPTIMAL        2         1.0       11        0.023451566696166992
small     59        283.0     283.0     0.0       2.7834    OPTIMAL        2         166.0     140       0.3700368404388428
small     60        254.0     254.0     0.0       4.1       OPTIMAL        3         289.0     221       0.5044927597045898
small     61        305.0     305.0     0.0       2.0052    OPTIMAL        3         130.0     110       0.2769601345062256
small     62        289.0     289.0     0.0       1.4877    OPTIMAL        2         1.0       28        0.06056356430053711
small     63        272.0     272.0     0.0       1.9579    OPTIMAL        3         1.0       41        0.09254002571105957
small     64        283.0     283.0     0.0       1.1963    OPTIMAL        2         1.0       23        0.04880404472351074
small     65        266.0     266.0     0.0       2.2641    OPTIMAL        4         116.0     100       0.199537992477417
small     66        284.0     284.0     0.0       3.8077    OPTIMAL        4         40.0      99        0.27485013008117676
small     67        318.0     318.0     0.0       1.1865    OPTIMAL        2         1.0       7         0.017874956130981445
small     68        295.0     295.0     0.0       2.8765    OPTIMAL        2         140.0     121       0.36518359184265137
small     69        297.0     297.0     0.0       4.7234    OPTIMAL        3         116.0     138       0.3550553321838379
small     70        273.0     273.0     0.0       2.2951    OPTIMAL        2         295.0     206       0.38553428649902344
small     71        292.0     292.0     0.0       1.4744    OPTIMAL        5         20.0      46        0.11107802391052246
small     72        254.0     254.0     0.0       2.3199    OPTIMAL        3         174.0     79        0.3101801872253418
small     73        273.0     273.0     0.0       2.0245    OPTIMAL        3         97.0      109       0.18877315521240234
small     74        271.0     271.0     0.0       2.5798    OPTIMAL        4         39.0      67        0.1858062744140625
small     75        211.0     211.0     0.0       1.6442    OPTIMAL        5         13.0      65        0.12369132041931152
small     76        293.0     293.0     0.0       1.8737    OPTIMAL        2         50.0      73        0.1504039764404297
small     77        271.0     271.0     0.0       1.7677    OPTIMAL        5         25.0      55        0.11554956436157227
small     78        254.0     254.0     0.0       2.1333    OPTIMAL        2         69.0      100       0.26886463165283203
small     79        276.0     276.0     0.0       3.1133    OPTIMAL        4         49.0      87        0.21971678733825684
small     80        270.0     270.0     0.0       2.9022    OPTIMAL        4         67.0      70        0.17815327644348145
small     81        259.0     259.0     0.0       2.0211    OPTIMAL        4         100.0     107       0.18856000900268555
small     82        337.0     337.0     0.0       2.7474    OPTIMAL        4         128.0     127       0.32380056381225586
small     83        257.0     256.98    0.0095    2.1864    OPTIMAL        3         133.0     114       0.24427056312561035
small     84        263.0     263.0     0.0       2.0511    OPTIMAL        4         1.0       52        0.10574054718017578
small     85        295.0     295.0     0.0       1.5825    OPTIMAL        4         34.0      55        0.09906268119812012
small     86        330.0     330.0     0.0       3.5551    OPTIMAL        4         483.0     314       0.7748889923095703
small     87        257.0     257.0     0.0       1.9683    OPTIMAL        5         31.0      43        0.11909365653991699
small     88        294.0     294.0     0.0       2.5402    OPTIMAL        5         11.0      36        0.11046385765075684
small     89        285.0     285.0     0.0       2.3459    OPTIMAL        2         41.0      78        0.21756410598754883
small     90        311.0     311.0     0.0       2.0745    OPTIMAL        1         142.0     129       0.3322889804840088
small     91        273.0     273.0     0.0       3.3411    OPTIMAL        3         105.0     104       0.21478891372680664
small     92        290.0     290.0     0.0       2.0486    OPTIMAL        2         13.0      37        0.08830952644348145
small     93        295.0     295.0     0.0       3.6308    OPTIMAL        4         28.0      62        0.16583681106567383
small     94        303.0     303.0     0.0       2.1043    OPTIMAL        3         87.0      82        0.22036504745483398
small     95        256.0     256.0     0.0       2.013     OPTIMAL        3         140.0     112       0.2110295295715332
small     96        263.0     263.0     0.0       1.7989    OPTIMAL        3         7.0       39        0.09756016731262207
small     97        249.0     248.98    0.0098    2.8992    OPTIMAL        4         262.0     216       0.36969447135925293
small     98        289.0     289.0     0.0       1.7042    OPTIMAL        2         108.0     60        0.1680278778076172
small     99        265.0     265.0     0.0       2.0212    OPTIMAL        3         1.0       41        0.1062922477722168
small     100       248.0     248.0     0.0       1.6252    OPTIMAL        2         1.0       31        0.04747462272644043
(base) pgutiea@MCADF7XFF TSPJ_MM % /usr/local/bin/python3 /Users/pgutiea/Desktop/TSPJ_MM/Codigos/multi.py
Running with parameters: ['-p', 'secuential', '-size', 'small', '-alg', 'gurobi', '-subtour', 'dl', '-initialsol', 'True', '-callback', 'custom2', '-bounds', 'True', '-newformulation', 'True'] 
size      instance  obj       lb        gap       time      status         Sol Count NodeCount #callback timecallback
small     1         298.0     298.0     0.0       4.7092    OPTIMAL        2         32.0      78        1.9314258098602295
small     2         267.0     267.0     0.0       1.3007    OPTIMAL        2         1.0       34        0.0008378028869628906
small     3         280.0     280.0     0.0       3.2933    OPTIMAL        3         31.0      69        1.007742166519165
small     4         283.0     283.0     0.0       5.5478    OPTIMAL        3         28.0      71        2.4525561332702637
small     5         275.0     275.0     0.0       2.239     OPTIMAL        2         1.0       44        0.1492903232574463
small     6         298.0     298.0     0.0       1.7955    OPTIMAL        2         1.0       50        0.2557649612426758
small     7         281.0     281.0     0.0       8.3662    OPTIMAL        2         71.0      112       4.018519639968872
small     8         250.0     250.0     0.0       1.842     OPTIMAL        2         1.0       53        0.16083025932312012
small     9         277.0     277.0     0.0       0.6667    OPTIMAL        1         1.0       20        0.0006692409515380859
small     10        308.0     308.0     0.0       5.2322    OPTIMAL        3         49.0      91        1.9979369640350342
small     11        297.0     297.0     0.0       5.9403    OPTIMAL        3         24.0      101       2.6371095180511475
small     12        280.0     280.0     0.0       1.3912    OPTIMAL        2         1.0       29        0.0006921291351318359
small     13        263.0     263.0     0.0       4.7876    OPTIMAL        3         1.0       74        1.0309863090515137
small     14        266.0     266.0     0.0       1.6672    OPTIMAL        3         1.0       33        0.39524316787719727
small     15        269.0     269.0     0.0       1.3308    OPTIMAL        2         1.0       31        0.17977190017700195
small     16        291.0     291.0     0.0       2.9286    OPTIMAL        2         1.0       74        0.14992880821228027
small     17        260.0     260.0     0.0       2.4708    OPTIMAL        2         1.0       61        0.5120368003845215
small     18        252.0     252.0     0.0       0.9045    OPTIMAL        2         1.0       30        0.06505370140075684
small     19        239.0     239.0     0.0       1.9841    OPTIMAL        2         1.0       45        0.33928585052490234
small     20        281.0     281.0     0.0       3.4607    OPTIMAL        2         7.0       60        1.0980801582336426
small     21        284.0     284.0     0.0       1.2772    OPTIMAL        5         1.0       29        0.05707716941833496
small     22        236.0     236.0     0.0       4.1038    OPTIMAL        2         20.0      93        2.2395851612091064
small     23        274.0     274.0     0.0       3.6584    OPTIMAL        3         38.0      75        1.76023530960083
small     24        290.0     290.0     0.0       4.1567    OPTIMAL        2         10.0      75        1.3863494396209717
small     25        238.0     238.0     0.0       0.8716    OPTIMAL        1         1.0       27        0.0003921985626220703
small     26        289.0     289.0     0.0       3.0138    OPTIMAL        3         31.0      76        1.2309937477111816
small     27        296.0     296.0     0.0       2.126     OPTIMAL        3         4.0       48        0.1629648208618164
small     28        280.0     280.0     0.0       6.7174    OPTIMAL        4         77.0      119       3.2355833053588867
small     29        294.0     294.0     0.0       3.2919    OPTIMAL        3         9.0       59        1.0806574821472168
small     30        296.0     296.0     0.0       2.93      OPTIMAL        2         14.0      45        0.9356293678283691
small     31        258.0     258.0     0.0       3.0543    OPTIMAL        3         1.0       56        0.7680368423461914
small     32        318.0     318.0     0.0       5.8353    OPTIMAL        3         102.0     115       3.3058598041534424
small     33        304.0     304.0     0.0       4.5146    OPTIMAL        3         21.0      89        1.4040920734405518
small     34        293.0     293.0     0.0       1.3988    OPTIMAL        3         1.0       18        0.0007412433624267578
small     35        280.0     280.0     0.0       3.6389    OPTIMAL        3         1.0       84        0.24464893341064453
small     36        263.0     263.0     0.0       2.5143    OPTIMAL        2         14.0      60        1.0270283222198486
small     37        269.0     269.0     0.0       5.1379    OPTIMAL        3         31.0      74        2.2517526149749756
small     38        247.0     247.0     0.0       5.1769    OPTIMAL        2         55.0      111       3.2843992710113525
small     39        274.0     274.0     0.0       2.9962    OPTIMAL        2         11.0      58        1.2512617111206055
small     40        254.0     254.0     0.0       5.0269    OPTIMAL        3         11.0      92        1.383711576461792
small     41        282.0     282.0     0.0       1.0098    OPTIMAL        2         1.0       26        0.0007560253143310547
small     42        292.0     292.0     0.0       3.8615    OPTIMAL        2         8.0       68        1.5547242164611816
small     43        291.0     291.0     0.0       6.2755    OPTIMAL        2         11.0      94        2.4182522296905518
small     44        264.0     264.0     0.0       4.7442    OPTIMAL        6         29.0      109       2.482795476913452
small     45        317.0     317.0     0.0       5.9834    OPTIMAL        2         18.0      93        2.5716209411621094
small     46        242.0     242.0     0.0       1.2186    OPTIMAL        2         1.0       32        0.18019962310791016
small     47        314.0     314.0     0.0       4.8023    OPTIMAL        3         48.0      65        2.347487449645996
small     48        294.0     294.0     0.0       2.8314    OPTIMAL        4         1.0       63        0.3818025588989258
small     49        264.0     264.0     0.0       4.0104    OPTIMAL        4         1.0       99        0.5639297962188721
small     50        286.0     286.0     0.0       1.833     OPTIMAL        2         1.0       42        0.2007732391357422
small     51        273.0     273.0     0.0       3.5077    OPTIMAL        4         9.0       91        0.7434148788452148
small     52        334.0     334.0     0.0       5.8862    OPTIMAL        3         21.0      90        1.2284927368164062
small     53        281.0     281.0     0.0       5.5652    OPTIMAL        2         24.0      94        2.1516544818878174
small     54        262.0     262.0     0.0       1.5031    OPTIMAL        3         1.0       29        0.37229132652282715
small     55        299.0     299.0     0.0       3.3128    OPTIMAL        4         1.0       91        1.050741195678711
small     56        288.0     288.0     0.0       0.5705    OPTIMAL        1         1.0       14        0.00029850006103515625
small     57        254.0     254.0     0.0       3.9607    OPTIMAL        2         1.0       56        1.3097708225250244
small     58        331.0     331.0     0.0       0.7513    OPTIMAL        2         1.0       20        0.0004379749298095703
small     59        283.0     283.0     0.0       9.6286    OPTIMAL        2         84.0      148       6.085735559463501
small     60        254.0     254.0     0.0       4.7964    OPTIMAL        3         1.0       106       0.7300238609313965
small     61        305.0     305.0     0.0       5.5354    OPTIMAL        3         33.0      79        2.9893646240234375
small     62        289.0     289.0     0.0       1.6517    OPTIMAL        2         1.0       30        0.0009512901306152344
small     63        272.0     272.0     0.0       4.8748    OPTIMAL        5         17.0      89        2.566101312637329
small     64        283.0     283.0     0.0       1.1528    OPTIMAL        2         1.0       24        0.0006566047668457031
small     65        266.0     266.0     0.0       3.0511    OPTIMAL        5         25.0      73        0.8692426681518555
small     66        284.0     284.0     0.0       7.9433    OPTIMAL        4         32.0      94        3.7569680213928223
small     67        318.0     318.0     0.0       1.6376    OPTIMAL        3         1.0       20        0.0009095668792724609
small     68        295.0     295.0     0.0       8.3201    OPTIMAL        3         75.0      109       5.462334632873535
small     69        297.0     297.0     0.0       4.9422    OPTIMAL        4         1.0       82        1.2421519756317139
small     70        273.0     273.0     0.0       5.8273    OPTIMAL        2         53.0      110       3.15202260017395
small     71        292.0     292.0     0.0       4.1957    OPTIMAL        3         18.0      70        1.9463179111480713
small     72        254.0     254.0     0.0       4.4768    OPTIMAL        4         55.0      104       1.4584755897521973
small     73        273.0     273.0     0.0       1.878     OPTIMAL        4         1.0       59        0.23925304412841797
small     74        271.0     271.0     0.0       6.7342    OPTIMAL        3         23.0      142       2.5483806133270264
small     75        211.0     211.0     0.0       1.3877    OPTIMAL        4         1.0       44        0.3187525272369385
small     76        293.0     293.0     0.0       3.146     OPTIMAL        2         11.0      63        1.5930771827697754
small     77        271.0     271.0     0.0       0.9736    OPTIMAL        3         1.0       28        0.0005271434783935547
small     78        254.0     254.0     0.0       6.0741    OPTIMAL        3         26.0      93        3.2318098545074463
small     79        276.0     276.0     0.0       4.7846    OPTIMAL        4         28.0      79        1.6884522438049316
small     80        270.0     270.0     0.0       1.0968    OPTIMAL        2         1.0       28        0.0005292892456054688
small     81        259.0     259.0     0.0       2.7539    OPTIMAL        5         1.0       74        0.4146261215209961
small     82        337.0     337.0     0.0       2.9815    OPTIMAL        2         3.0       42        1.1045260429382324
small     83        257.0     257.0     0.0       2.3194    OPTIMAL        3         1.0       48        0.33995771408081055
small     84        263.0     263.0     0.0       2.535     OPTIMAL        3         1.0       62        0.29161953926086426
small     85        295.0     295.0     0.0       3.3545    OPTIMAL        3         18.0      69        1.1976237297058105
small     86        330.0     330.0     0.0       3.4255    OPTIMAL        4         1.0       68        0.779893159866333
small     87        257.0     257.0     0.0       1.918     OPTIMAL        7         1.0       32        0.43544554710388184
small     88        294.0     294.0     0.0       1.4916    OPTIMAL        2         1.0       23        0.2281780242919922
small     89        285.0     285.0     0.0       2.395     OPTIMAL        2         1.0       78        0.14931201934814453
small     90        311.0     311.0     0.0       2.317     OPTIMAL        1         8.0       64        0.17969274520874023
small     91        273.0     273.0     0.0       4.9339    OPTIMAL        4         28.0      92        2.042611837387085
small     92        290.0     290.0     0.0       2.9304    OPTIMAL        3         1.0       63        0.6848046779632568
small     93        295.0     295.0     0.0       4.3711    OPTIMAL        4         1.0       64        1.7797162532806396
small     94        303.0     303.0     0.0       5.6029    OPTIMAL        3         51.0      91        2.694399118423462
small     95        256.0     256.0     0.0       4.7732    OPTIMAL        3         16.0      87        1.8677952289581299
small     96        263.0     263.0     0.0       4.4031    OPTIMAL        2         1.0       71        1.3621220588684082
small     97        249.0     249.0     0.0       5.6637    OPTIMAL        7         66.0      120       2.7153244018554688
small     98        289.0     289.0     0.0       3.4258    OPTIMAL        3         16.0      49        1.4851036071777344
small     99        265.0     265.0     0.0       1.687     OPTIMAL        3         1.0       35        0.09379172325134277
small     100       248.0     248.0     0.0       0.9982    OPTIMAL        2         1.0       28        0.0005664825439453125
(base) pgutiea@MCADF7XFF TSPJ_MM % /usr/local/bin/python3 /Users/pgutiea/Desktop/TSPJ_MM/Codigos/multi.py
Running with parameters: ['-p', 'secuential', '-size', 'small', '-alg', 'gurobi', '-subtour', 'dl', '-initialsol', 'True', '-callback', 'custom3', '-bounds', 'True', '-newformulation', 'True'] 
size      instance  obj       lb        gap       time      status         Sol Count NodeCount #callback timecallback
small     1         298.0     298.0     0.0       2.6194    OPTIMAL        3         23.0      51        0.8108384609222412
small     2         267.0     267.0     0.0       1.2859    OPTIMAL        3         1.0       34        0.047222137451171875
small     3         280.0     280.0     0.0       2.955     OPTIMAL        3         32.0      76        0.743685245513916
small     4         283.0     283.0     0.0       5.0281    OPTIMAL        3         23.0      71        2.510178804397583
small     5         275.0     275.0     0.0       2.2171    OPTIMAL        2         1.0       44        0.15361356735229492
small     6         298.0     298.0     0.0       1.9087    OPTIMAL        2         1.0       53        0.3817927837371826
small     7         281.0     281.0     0.0       7.1227    OPTIMAL        2         61.0      101       2.9618072509765625
small     8         250.0     250.0     0.0       2.3849    OPTIMAL        2         1.0       60        0.8350794315338135
small     9         277.0     277.0     0.0       0.6341    OPTIMAL        1         1.0       20        0.0005123615264892578
small     10        308.0     308.0     0.0       4.6719    OPTIMAL        3         32.0      78        2.0508828163146973
small     11        297.0     297.0     0.0       5.6579    OPTIMAL        3         23.0      101       2.5378077030181885
small     12        280.0     280.0     0.0       1.3452    OPTIMAL        2         1.0       29        0.0005567073822021484
small     13        263.0     263.0     0.0       9.6393    OPTIMAL        5         87.0      103       5.494120121002197
small     14        266.0     266.0     0.0       1.1631    OPTIMAL        2         1.0       27        0.21919012069702148
small     15        269.0     269.0     0.0       1.3503    OPTIMAL        2         1.0       33        0.19018054008483887
small     16        291.0     291.0     0.0       5.5628    OPTIMAL        3         69.0      113       2.1154611110687256
small     17        260.0     260.0     0.0       4.4727    OPTIMAL        2         17.0      92        1.9470436573028564
small     18        252.0     252.0     0.0       1.1275    OPTIMAL        2         1.0       44        0.0006623268127441406
small     19        239.0     239.0     0.0       1.9737    OPTIMAL        2         1.0       45        0.34116315841674805
small     20        281.0     281.0     0.0       5.9188    OPTIMAL        4         36.0      91        3.4663236141204834
small     21        284.0     284.0     0.0       1.3311    OPTIMAL        4         1.0       29        0.11278629302978516
small     22        236.0     236.0     0.0       1.6325    OPTIMAL        2         11.0      56        0.27111363410949707
small     23        274.0     274.0     0.0       3.4209    OPTIMAL        3         34.0      75        1.5987324714660645
small     24        290.0     290.0     0.0       5.3323    OPTIMAL        2         16.0      85        2.3736698627471924
small     25        238.0     238.0     0.0       0.8418    OPTIMAL        1         1.0       22        0.07660341262817383
small     26        289.0     289.0     0.0       2.8544    OPTIMAL        3         31.0      76        1.163219690322876
small     27        296.0     296.0     0.0       2.2511    OPTIMAL        3         1.0       37        0.4948713779449463
small     28        280.0     280.0     0.0       6.5453    OPTIMAL        4         74.0      120       3.0278286933898926
small     29        294.0     294.0     0.0       3.2243    OPTIMAL        3         9.0       59        1.0814354419708252
small     30        296.0     296.0     0.0       2.8345    OPTIMAL        2         14.0      45        0.8905496597290039
small     31        258.0     258.0     0.0       3.0815    OPTIMAL        3         1.0       54        0.7930359840393066
small     32        318.0     318.0     0.0       8.63      OPTIMAL        4         175.0     158       6.200462579727173
small     33        304.0     304.0     0.0       9.6523    OPTIMAL        4         81.0      142       5.484577417373657
small     34        293.0     293.0     0.0       1.5495    OPTIMAL        4         1.0       22        0.1287689208984375
small     35        280.0     280.0     0.0       3.5084    OPTIMAL        3         1.0       84        0.26950573921203613
small     36        263.0     263.0     0.0012    5.1169    OPTIMAL        3         37.0      98        2.9473190307617188
small     37        269.0     269.0     0.0       4.9829    OPTIMAL        3         31.0      74        2.147968292236328
small     38        247.0     247.0     0.0       4.8842    OPTIMAL        2         50.0      112       3.101449728012085
small     39        274.0     274.0     0.0       3.2255    OPTIMAL        2         16.0      68        1.3803796768188477
small     40        254.0     254.0     0.0       4.291     OPTIMAL        5         1.0       91        0.8649976253509521
small     41        282.0     282.0     0.0       0.9641    OPTIMAL        2         1.0       24        0.0004956722259521484
small     42        292.0     292.0     0.0       3.4845    OPTIMAL        4         46.0      80        1.4491825103759766
small     43        291.0     291.0     0.0       6.8953    OPTIMAL        3         28.0      93        2.950742483139038
small     44        264.0     264.0     0.0       4.3037    OPTIMAL        5         28.0      114       1.7299537658691406
small     45        317.0     317.0     0.0       4.5082    OPTIMAL        2         21.0      102       1.0914440155029297
small     46        242.0     242.0     0.0       1.1926    OPTIMAL        2         1.0       32        0.1754302978515625
small     47        314.0     314.0     0.0       4.7731    OPTIMAL        3         48.0      65        2.353588581085205
small     48        294.0     294.0     0.0       6.1908    OPTIMAL        3         13.0      77        3.1642799377441406
small     49        264.0     264.0     0.0       3.1942    OPTIMAL        3         1.0       92        0.0011851787567138672
small     50        286.0     286.0     0.0       1.9742    OPTIMAL        2         1.0       42        0.2189018726348877
small     51        273.0     273.0     0.0       3.5328    OPTIMAL        4         9.0       91        0.727339506149292
small     52        334.0     334.0     0.0       5.8628    OPTIMAL        3         21.0      90        1.229585886001587
small     53        281.0     281.0     0.0       4.6251    OPTIMAL        2         16.0      79        1.7843592166900635
small     54        262.0     262.0     0.0       1.4367    OPTIMAL        3         1.0       29        0.3462710380554199
small     55        299.0     299.0     0.0       3.4717    OPTIMAL        4         16.0      86        1.4080991744995117
small     56        288.0     288.0     0.0       0.5519    OPTIMAL        1         1.0       14        0.00025010108947753906
small     57        254.0     254.0     0.0       3.759     OPTIMAL        2         1.0       56        1.2077641487121582
small     58        331.0     331.0     0.0       0.7554    OPTIMAL        2         1.0       20        0.0004730224609375
small     59        283.0     283.0     0.0       6.7879    OPTIMAL        2         65.0      141       3.316816568374634
small     60        254.0     254.0     0.0       4.7466    OPTIMAL        3         1.0       119       0.8184888362884521
small     61        305.0     305.0     0.0       5.3063    OPTIMAL        3         33.0      79        2.8198671340942383
small     62        289.0     289.0     0.0       1.6633    OPTIMAL        2         1.0       32        0.0008115768432617188
small     63        272.0     272.0     0.0       3.0       OPTIMAL        3         1.0       62        1.1517691612243652
small     64        283.0     283.0     0.0       1.105     OPTIMAL        2         1.0       24        0.0005390644073486328
small     65        266.0     266.0     0.0       3.1207    OPTIMAL        5         25.0      73        0.9132785797119141
small     66        284.0     284.0     0.0       4.5375    OPTIMAL        2         1.0       88        1.0195350646972656
small     67        318.0     318.0     0.0       1.285     OPTIMAL        3         1.0       14        0.0005717277526855469
small     68        295.0     295.0     0.0       7.5864    OPTIMAL        4         51.0      131       4.413010835647583
small     69        297.0     297.0     0.0       5.265     OPTIMAL        5         1.0       87        1.490159511566162
small     70        273.0     273.0     0.0       5.7718    OPTIMAL        2         53.0      110       3.1267216205596924
small     71        292.0     292.0     0.0       5.5058    OPTIMAL        3         11.0      78        2.791170597076416
small     72        254.0     254.0     0.0       4.6794    OPTIMAL        3         55.0      91        1.9063334465026855
small     73        273.0     273.0     0.0       1.7844    OPTIMAL        4         1.0       59        0.2277212142944336
small     74        271.0     271.0     0.0       5.3364    OPTIMAL        3         7.0       118       1.4345695972442627
small     75        211.0     211.0     0.0       1.0551    OPTIMAL        4         1.0       48        0.00039649009704589844
small     76        293.0     293.0     0.0       3.1035    OPTIMAL        2         12.0      66        1.5733661651611328
small     77        271.0     271.0     0.0       0.9391    OPTIMAL        3         1.0       28        0.0003859996795654297
small     78        254.0     254.0     0.0       4.8169    OPTIMAL        3         38.0      85        2.2411000728607178
small     79        276.0     276.0     0.0       4.3117    OPTIMAL        4         21.0      77        1.356924057006836
small     80        270.0     270.0     0.0       1.0595    OPTIMAL        2         1.0       28        0.0003960132598876953
small     81        259.0     259.0     0.0       2.6307    OPTIMAL        5         1.0       74        0.39832520484924316
small     82        337.0     337.0     0.0       2.5079    OPTIMAL        2         1.0       50        0.5077807903289795
small     83        257.0     257.0     0.0       2.301     OPTIMAL        3         1.0       48        0.3394646644592285
small     84        263.0     263.0     0.0       2.3759    OPTIMAL        3         1.0       62        0.2688732147216797
small     85        295.0     295.0     0.0       2.9652    OPTIMAL        4         1.0       74        0.6960175037384033
small     86        330.0     330.0     0.0       3.0002    OPTIMAL        3         1.0       88        0.0010428428649902344
small     87        257.0     257.0     0.0       1.8926    OPTIMAL        7         1.0       32        0.41973304748535156
small     88        294.0     294.0     0.0       1.4499    OPTIMAL        2         1.0       23        0.22211861610412598
small     89        285.0     285.0     0.0       2.1328    OPTIMAL        2         1.0       70        0.0008337497711181641
small     90        311.0     311.0     0.0       2.9131    OPTIMAL        1         18.0      81        0.5460410118103027
small     91        273.0     273.0     0.0       4.2961    OPTIMAL        3         15.0      94        1.454221487045288
small     92        290.0     290.0     0.0       2.3701    OPTIMAL        2         1.0       47        0.43892669677734375
small     93        295.0     295.0     0.0       2.4681    OPTIMAL        2         1.0       42        0.2677927017211914
small     94        303.0     303.0     0.0       5.4115    OPTIMAL        3         50.0      92        2.478658676147461
small     95        256.0     256.0     0.0       3.2669    OPTIMAL        6         1.0       89        0.7694506645202637
small     96        263.0     263.0     0.0       5.1355    OPTIMAL        2         1.0       88        2.049266815185547
small     97        249.0     249.0     0.0       4.8483    OPTIMAL        7         61.0      118       2.1481411457061768
small     98        289.0     289.0     0.0       2.2307    OPTIMAL        2         1.0       54        0.6884338855743408
small     99        265.0     265.0     0.0       2.678     OPTIMAL        4         1.0       45        0.8896968364715576
small     100       248.0     248.0     0.0       1.1039    OPTIMAL        2         1.0       32        0.0003991127014160156
(base) pgutiea@MCADF7XFF TSPJ_MM % /usr/local/bin/python3 /Users/pgutiea/Desktop/TSPJ_MM/Codigos/multi.py
Running with parameters: ['-p', 'secuential', '-size', 'small', '-alg', 'gurobi', '-subtour', 'dl', '-initialsol', 'True', '-callback', 'subtourelim1', '-bounds', 'True', '-newformulation', 'True'] 
size      instance  obj       lb        gap       time      status         Sol Count NodeCount #callback timecallback
small     1         298.0     298.0     0.0       1.9442    OPTIMAL        2         66.0      62        0.12115216255187988
small     2         267.0     267.0     0.0       1.8602    OPTIMAL        3         69.0      52        0.12181901931762695
small     3         280.0     280.0     0.0       3.635     OPTIMAL        3         110.0     128       0.37738752365112305
small     4         283.0     283.0     0.0       3.1796    OPTIMAL        5         78.0      70        0.24697637557983398
small     5         275.0     275.0     0.0       2.7218    OPTIMAL        3         1.0       48        0.13438916206359863
small     6         298.0     298.0     0.0       1.8409    OPTIMAL        6         28.0      55        0.13556385040283203
small     7         281.0     281.0     0.0       7.1702    OPTIMAL        3         588.0     484       1.1053757667541504
small     8         250.0     249.98    0.0096    1.238     OPTIMAL        4         61.0      53        0.12034034729003906
small     9         277.0     277.0     0.0       0.6146    OPTIMAL        1         1.0       18        0.031105756759643555
small     10        308.0     308.0     0.0       3.5726    OPTIMAL        5         266.0     201       0.45423269271850586
small     11        297.0     296.99    0.0031    2.4284    OPTIMAL        3         226.0     167       0.3865816593170166
small     12        280.0     280.0     0.0       1.3499    OPTIMAL        2         1.0       22        0.053275346755981445
small     13        263.0     263.0     0.0       4.8452    OPTIMAL        4         158.0     140       0.35889625549316406
small     14        266.0     266.0     0.0       1.9461    OPTIMAL        2         96.0      96        0.19653058052062988
small     15        269.0     269.0     0.0       1.7195    OPTIMAL        2         1.0       27        0.0869755744934082
small     16        291.0     291.0     0.0       3.9898    OPTIMAL        3         32.0      74        0.21634244918823242
small     17        260.0     259.98    0.0075    1.8459    OPTIMAL        3         63.0      64        0.16630005836486816
small     18        252.0     252.0     0.0       1.5234    OPTIMAL        2         38.0      57        0.13006043434143066
small     19        239.0     239.0     0.0       1.851     OPTIMAL        2         42.0      65        0.12109804153442383
small     20        281.0     281.0     0.0       1.7059    OPTIMAL        3         58.0      67        0.1532890796661377
small     21        284.0     284.0     0.0       0.9901    OPTIMAL        3         1.0       13        0.027608633041381836
small     22        236.0     236.0     0.0       0.9716    OPTIMAL        2         26.0      41        0.07737517356872559
small     23        274.0     274.0     0.0       1.4434    OPTIMAL        3         54.0      69        0.13601160049438477
small     24        290.0     290.0     0.0       2.6995    OPTIMAL        3         64.0      86        0.23409414291381836
small     25        238.0     238.0     0.0       0.6814    OPTIMAL        1         1.0       21        0.04023408889770508
small     26        289.0     289.0     0.0       2.0589    OPTIMAL        4         306.0     223       0.4410686492919922
small     27        296.0     296.0     0.0       3.055     OPTIMAL        5         65.0      78        0.24217629432678223
small     28        280.0     280.0     0.0       4.3247    OPTIMAL        4         503.0     335       0.8581938743591309
small     29        294.0     294.0     0.0       3.647     OPTIMAL        2         165.0     147       0.4739186763763428
small     30        296.0     296.0     0.0       2.0484    OPTIMAL        3         35.0      46        0.13536334037780762
small     31        258.0     257.99    0.0042    3.6579    OPTIMAL        4         159.0     122       0.2551002502441406
small     32        318.0     318.0     0.0       3.4345    OPTIMAL        5         641.0     418       0.7447056770324707
small     33        304.0     304.0     0.0       2.0948    OPTIMAL        3         84.0      63        0.21078133583068848
small     34        293.0     293.0     0.0       1.9329    OPTIMAL        5         1.0       23        0.06307339668273926
small     35        280.0     280.0     0.0       3.065     OPTIMAL        3         90.0      81        0.21520042419433594
small     36        263.0     262.99    0.0057    1.9332    OPTIMAL        3         238.0     169       0.317676305770874
small     37        269.0     269.0     0.0       1.8273    OPTIMAL        3         34.0      45        0.11263227462768555
small     38        247.0     247.0     0.0       1.667     OPTIMAL        2         207.0     151       0.2635037899017334
small     39        274.0     274.0     0.0       1.5719    OPTIMAL        2         64.0      71        0.17042279243469238
small     40        254.0     254.0     0.0       3.6027    OPTIMAL        2         34.0      59        0.16005349159240723
small     41        282.0     282.0     0.0       1.1174    OPTIMAL        2         1.0       18        0.044750213623046875
small     42        292.0     292.0     0.0       2.5744    OPTIMAL        3         141.0     145       0.3260538578033447
small     43        291.0     291.0     0.0       3.2662    OPTIMAL        3         88.0      76        0.26347923278808594
small     44        264.0     264.0     0.0       2.2317    OPTIMAL        4         166.0     133       0.27892446517944336
small     45        317.0     317.0     0.0       3.925     OPTIMAL        4         154.0     143       0.4065897464752197
small     46        242.0     242.0     0.0       0.8664    OPTIMAL        2         1.0       24        0.05186152458190918
small     47        314.0     314.0     0.0       2.8397    OPTIMAL        5         59.0      71        0.16617441177368164
small     48        294.0     293.98    0.0067    3.0476    OPTIMAL        2         147.0     142       0.390927791595459
small     49        264.0     264.0     0.0       3.4141    OPTIMAL        3         65.0      81        0.18666625022888184
small     50        286.0     286.0     0.0       2.3109    OPTIMAL        4         13.0      39        0.08977723121643066
small     51        273.0     273.0     0.0       3.363     OPTIMAL        2         111.0     90        0.23494553565979004
small     52        334.0     334.0     0.0       3.8388    OPTIMAL        5         132.0     136       0.408113956451416
small     53        281.0     281.0     0.0       2.6064    OPTIMAL        2         160.0     117       0.3236403465270996
small     54        262.0     262.0     0.0       1.2268    OPTIMAL        2         5.0       34        0.060843467712402344
small     55        299.0     299.0     0.0       1.2982    OPTIMAL        2         1.0       39        0.06751489639282227
small     56        288.0     288.0     0.0       0.5916    OPTIMAL        1         1.0       9         0.015307426452636719
small     57        254.0     254.0     0.0       2.6964    OPTIMAL        5         71.0      75        0.2190999984741211
small     58        331.0     331.0     0.0       0.7648    OPTIMAL        2         1.0       11        0.023058414459228516
small     59        283.0     283.0     0.0       2.7222    OPTIMAL        2         159.0     140       0.3545844554901123
small     60        254.0     254.0     0.0       3.9272    OPTIMAL        3         298.0     225       0.5030772686004639
small     61        305.0     305.0     0.0       2.2026    OPTIMAL        4         165.0     122       0.3285338878631592
small     62        289.0     289.0     0.0       1.5133    OPTIMAL        2         1.0       28        0.060099124908447266
small     63        272.0     272.0     0.0       1.9676    OPTIMAL        4         1.0       48        0.11076045036315918
small     64        283.0     283.0     0.0       1.1113    OPTIMAL        2         1.0       19        0.04236650466918945
small     65        266.0     266.0     0.0       2.2885    OPTIMAL        4         116.0     100       0.1962118148803711
small     66        284.0     284.0     0.0       4.0438    OPTIMAL        2         81.0      109       0.27196240425109863
small     67        318.0     318.0     0.0       1.2798    OPTIMAL        3         1.0       14        0.0343630313873291
small     68        295.0     294.97    0.0089    2.4114    OPTIMAL        2         92.0      99        0.2744119167327881
small     69        297.0     297.0     0.0       4.7079    OPTIMAL        4         123.0     142       0.3682267665863037
small     70        273.0     273.0     0.0       2.8495    OPTIMAL        2         425.0     281       0.5361294746398926
small     71        292.0     292.0     0.0       1.6857    OPTIMAL        3         100.0     92        0.19137978553771973
small     72        254.0     254.0     0.0       2.6444    OPTIMAL        3         195.0     91        0.3697516918182373
small     73        273.0     273.0     0.0       2.0558    OPTIMAL        3         82.0      92        0.16653919219970703
small     74        271.0     271.0     0.0       2.666     OPTIMAL        4         132.0     124       0.3288238048553467
small     75        211.0     211.0     0.0       1.5653    OPTIMAL        5         13.0      65        0.11827850341796875
small     76        293.0     293.0     0.0       1.9615    OPTIMAL        2         37.0      65        0.1447615623474121
small     77        271.0     271.0     0.0       2.0669    OPTIMAL        4         46.0      80        0.16169333457946777
small     78        254.0     254.0     0.0       2.2306    OPTIMAL        3         20.0      64        0.19996404647827148
small     79        276.0     276.0     0.0       3.0207    OPTIMAL        4         50.0      87        0.21466565132141113
small     80        270.0     270.0     0.0       3.0306    OPTIMAL        5         107.0     95        0.2420663833618164
small     81        259.0     259.0     0.0       2.0383    OPTIMAL        4         100.0     107       0.1867527961730957
small     82        337.0     337.0     0.0       2.3759    OPTIMAL        3         45.0      49        0.1381549835205078
small     83        257.0     256.98    0.0095    2.1909    OPTIMAL        3         134.0     114       0.24724221229553223
small     84        263.0     263.0     0.0       2.0218    OPTIMAL        3         31.0      58        0.13694214820861816
small     85        295.0     295.0     0.0       1.867     OPTIMAL        3         121.0     124       0.22140002250671387
small     86        330.0     330.0     0.0       3.2375    OPTIMAL        3         209.0     211       0.4715116024017334
small     87        257.0     257.0     0.0       1.9505    OPTIMAL        5         31.0      43        0.1163325309753418
small     88        294.0     294.0     0.0       2.4416    OPTIMAL        5         12.0      36        0.11000657081604004
small     89        285.0     285.0     0.0       2.0441    OPTIMAL        2         32.0      68        0.17218804359436035
small     90        311.0     311.0     0.0       1.8295    OPTIMAL        1         64.0      81        0.1950993537902832
small     91        273.0     273.0     0.0       3.7699    OPTIMAL        3         114.0     108       0.24071860313415527
small     92        290.0     290.0     0.0       1.8874    OPTIMAL        2         9.0       46        0.09143447875976562
small     93        295.0     295.0     0.0       2.8652    OPTIMAL        4         28.0      79        0.20244455337524414
small     94        303.0     302.98    0.005     1.9606    OPTIMAL        2         63.0      65        0.17847537994384766
small     95        256.0     256.0     0.0       2.5227    OPTIMAL        3         88.0      112       0.21853208541870117
small     96        263.0     263.0     0.0       1.8525    OPTIMAL        3         6.0       38        0.09542322158813477
small     97        249.0     248.98    0.0098    2.9486    OPTIMAL        4         267.0     218       0.3854939937591553
small     98        289.0     289.0     0.0       1.9737    OPTIMAL        3         112.0     84        0.21081995964050293
small     99        265.0     265.0     0.0       2.8013    OPTIMAL        3         1.0       46        0.12238550186157227
small     100       248.0     248.0     0.0       1.5737    OPTIMAL        2         1.0       29        0.04829216003417969
(base) pgutiea@MCADF7XFF TSPJ_MM % 