;Exp;Grupo;Instancia;Best;Avg;Best_inicial;Poblacion_avg;Tiempo_pob;Time;Total_it;best_iteration
0;AG8;large;1;14674,0;14736,8;15963,0;16084,0;71426,45999999999;402,4679;101,2;100,6
1;AG8;large;2;15109,0;15232,0;16565,0;16690,8;72333,385;402,608;114,7;114,3
2;AG8;large;3;13706,0;13799,5;15098,0;15277,6;62636,833;402,3607;121,6;121,4
3;AG8;large;4;14080,0;14255,8;15602,0;15665,1;63276,780000000006;401,2155;123,5;122,6
4;AG8;large;5;14473,0;14598,8;15967,0;16030,8;70113,711;401,6913;109,8;109,6
5;AG8;large;6;14975,0;15071,2;16296,0;16440,1;69342,659;403,3257;105,0;105,0
6;AG8;large;7;14199,0;14323,1;15615,0;15821,2;67778,60500000001;402,0161;119,8;119,5
7;AG8;large;8;14341,0;14410,8;15850,0;15944,4;65418,460999999996;402,10450000000003;126,5;125,8
8;AG8;large;9;14598,0;14824,7;16010,0;16243,8;70902,827;402,03319999999997;113,2;113,0
9;AG8;large;10;14065,0;14177,7;15678,0;15821,3;66461,552;401,4604;135,7;135,4
10;AG8;large;11;13297,0;13524,8;15132,0;15203,9;60469,99500000001;401,4907;155,5;155,3
11;AG8;large;12;14082,0;14207,2;15559,0;15685,8;68761,56700000001;401,7645;123,7;123,1
12;AG8;large;13;13479,0;13614,9;14997,0;15184,7;58572,39399999999;400,935;148,8;148,6
13;AG8;large;14;14738,0;14831,3;16144,0;16194,6;64448,572;401,08119999999997;105,9;105,7
14;AG8;large;15;13974,0;14115,2;15709,0;15758,7;62989,831999999995;401,0218;142,3;141,5
15;AG8;large;16;13577,0;13671,6;15256,0;15353,9;58930,101;401,2918;161,7;161,6
16;AG8;large;17;13611,0;13678,1;15279,0;15366,2;64236,939;401,6628;156,1;155,6
17;AG8;large;18;14135,0;14385,1;15809,0;15892,3;63247,988;401,3784;130,2;129,7
18;AG8;large;19;14775,0;14881,3;16164,0;16256,4;69513,86899999999;403,262;102,1;101,3
19;AG8;large;20;14681,0;14862,1;16220,0;16279,8;68472,554;402,0256;112,6;112,1
20;AG8;large;21;13853,0;13971,7;15440,0;15580,3;65174,015;401,8096;131,5;131,0
21;AG8;large;22;14527,0;14632,3;16086,0;16196,1;65860,258;402,0264;130,3;130,0
22;AG8;large;23;13540,0;13787,9;15396,0;15456,0;63870,138;401,63070000000005;145,5;145,2
23;AG8;large;24;14608,0;14702,7;16185,0;16279,4;62228,456000000006;401,2057;127,2;127,0
24;AG8;large;25;14923,0;15099,5;16380,0;16484,6;68551,232;402,2608;111,0;110,6
25;AG8;large;26;14607,0;14794,4;16157,0;16319,0;72021,65;402,35749999999996;118,2;117,7
26;AG8;large;27;13407,0;13660,1;15260,0;15357,0;58924,719999999994;400,9766;161,8;161,0
27;AG8;large;28;14007,0;14160,6;15643,0;15775,4;64958,867999999995;401,9962;146,7;146,3
28;AG8;large;29;13754,0;13916,8;15437,0;15535,1;64689,091;401,3437;144,5;144,2
29;AG8;large;30;13903,0;14043,9;15672,0;15760,9;65602,344;401,8218;148,9;148,5
30;AG8;large;31;13891,0;14149,4;15658,0;15776,1;64961,08200000001;402,03499999999997;144,0;143,7
31;AG8;large;32;14056,0;14311,6;15734,0;15839,8;64343,081000000006;402,3764;125,0;124,7
32;AG8;large;33;14176,0;14397,2;15767,0;15901,8;67577,863;402,16610000000003;120,3;119,8
33;AG8;large;34;15013,0;15135,1;16398,0;16588,2;67396,952;402,3515;107,3;107,2
34;AG8;large;35;12946,0;13094,0;14654,0;14787,5;64983,824;401,3036;164,9;164,0
35;AG8;large;36;14203,0;14388,8;15965,0;16016,6;64596,617000000006;401,5951;134,7;134,2
36;AG8;large;37;14185,0;14362,7;15652,0;15834,9;65889,026;401,67719999999997;122,5;122,3
37;AG8;large;38;14209,0;14387,2;15690,0;15824,6;70450,043;401,7586;112,0;111,9
38;AG8;large;39;14888,0;15070,5;16338,0;16391,9;72043,88100000001;402,51619999999997;105,7;105,4
39;AG8;large;40;14479,0;14619,9;16021,0;16121,7;73584,88;401,5802;111,8;111,7
40;AG8;large;41;13953,0;14115,6;15597,0;15645,3;67726,787;402,4635;119,3;119,0
41;AG8;large;42;14612,0;14658,9;16068,0;16120,7;69658,758;401,6387;120,0;119,1
42;AG8;large;43;14069,0;14226,5;15813,0;15881,3;64141,665;401,5675;140,0;139,5
43;AG8;large;44;13121,0;13305,1;14926,0;14968,8;59720,94;401,5135;153,7;153,4
44;AG8;large;45;13380,0;13585,5;15088,0;15233,8;60350,187;401,581;159,5;159,0
45;AG8;large;46;14394,0;14553,3;15976,0;16035,0;66580,854;402,1243;124,5;124,1
46;AG8;large;47;15320,0;15461,1;16837,0;16986,0;74355,32800000001;401,5296;118,0;117,9
47;AG8;large;48;14783,0;14911,8;16279,0;16355,5;73690,91500000001;401,3378;112,1;111,7
48;AG8;large;49;14906,0;15064,5;16435,0;16542,0;67052,572;402,3314;107,7;107,2
49;AG8;large;50;14359,0;14610,3;16027,0;16077,6;75693,839;401,5933;120,2;119,9
50;AG8;large;51;14738,0;14834,9;16190,0;16296,4;70508,187;402,0167;107,4;107,3
51;AG8;large;52;14478,0;14598,0;15968,0;16044,4;69018,92;402,26300000000003;115,0;114,6
52;AG8;large;53;14561,0;14660,6;16030,0;16127,4;69150,012;402,30129999999997;114,1;113,8
53;AG8;large;54;14296,0;14448,7;15936,0;15981,1;63686,54;401,15520000000004;125,4;125,2
54;AG8;large;55;14255,0;14412,7;15726,0;15854,8;63858,820999999996;402,71729999999997;115,9;115,5
55;AG8;large;56;14347,0;14415,8;15920,0;15965,2;68327,382;401,6612;125,3;124,8
56;AG8;large;57;14270,0;14393,7;15893,0;15997,0;63249,670999999995;401,713;128,6;128,3
57;AG8;large;58;14927,0;15095,9;16544,0;16628,9;73448,964;403,0207;109,8;109,5
58;AG8;large;59;13990,0;14181,0;15668,0;15757,8;64758,1;402,0263;131,7;131,5
59;AG8;large;60;14337,0;14417,8;15763,0;15863,7;67626,477;401,6938;119,9;119,4
60;AG8;large;61;13845,0;14022,6;15565,0;15686,0;64395,81;401,45439999999996;137,4;137,0
61;AG8;large;62;13943,0;14105,8;15681,0;15748,4;61898,518;402,4269;143,4;143,0
62;AG8;large;63;14432,0;14605,7;15881,0;16019,1;69824,214;402,0842;116,6;116,2
63;AG8;large;64;13453,0;13531,9;15132,0;15212,4;59135,102;401,51030000000003;142,5;142,3
64;AG8;large;65;14254,0;14307,6;15762,0;15826,4;61253,85599999999;402,84319999999997;119,1;118,8
65;AG8;large;66;15080,0;15244,4;16601,0;16671,8;76510,151;401,61990000000003;108,3;108,1
66;AG8;large;67;14001,0;14238,4;15662,0;15766,3;69209,955;401,10749999999996;131,1;130,7
67;AG8;large;68;13619,0;13769,1;15292,0;15435,7;67423,234;402,01509999999996;146,0;145,9
68;AG8;large;69;14235,0;14385,2;15776,0;15865,4;68086,639;401,6841;118,3;117,9
69;AG8;large;70;14310,0;14422,7;15773,0;15856,0;69183,091;401,649;112,6;112,1
70;AG8;large;71;13843,0;13999,0;15487,0;15560,9;66456,5;401,0538;129,6;129,4
71;AG8;large;72;14429,0;14559,5;15916,0;16020,5;68318,75899999999;402,0306;115,8;115,2
72;AG8;large;73;14666,0;14838,9;16348,0;16392,8;67900,73199999999;401,9745;129,0;128,7
73;AG8;large;74;14844,0;14927,8;16338,0;16412,3;73163,24;401,2128;119,9;119,6
74;AG8;large;75;14077,0;14192,7;15611,0;15743,6;62242,072;401,4941;129,2;129,0
75;AG8;large;76;14559,0;14733,5;16125,0;16215,7;70941,267;402,5733;112,6;112,4
76;AG8;large;77;13459,0;13697,9;15254,0;15337,8;60462,93199999999;402,33939999999996;149,3;148,8
77;AG8;large;78;14906,0;15032,9;16283,0;16363,6;70366,68299999999;401,7689;97,0;96,3
78;AG8;large;79;14010,0;14213,9;15674,0;15752,9;66366,561;401,4432;132,6;132,6
79;AG8;large;80;13998,0;14105,3;15510,0;15654,5;65196,621;401,2112;132,5;132,3
80;AG8;large;81;13414,0;13538,9;15153,0;15187,4;60743,625;401,9157;154,2;153,7
81;AG8;large;82;14551,0;14767,2;16039,0;16098,0;71486,854;401,84250000000003;101,7;101,3
82;AG8;large;83;13504,0;13622,2;15128,0;15206,6;62087,85799999999;402,14009999999996;147,7;147,1
83;AG8;large;84;14198,0;14308,5;15715,0;15850,0;67237,33;401,3281;124,2;124,0
84;AG8;large;85;13427,0;13660,1;15035,0;15230,9;63666,69499999999;401,0186;145,4;145,0
85;AG8;large;86;15101,0;15266,3;16381,0;16626,3;65964,729;402,70369999999997;96,4;95,9
86;AG8;large;87;13425,0;13534,5;15029,0;15134,0;66426,697;401,7206;154,1;153,8
87;AG8;large;88;13811,0;13910,4;15557,0;15648,4;63159,29299999999;402,1555;141,9;141,5
88;AG8;large;89;13935,0;14075,6;15339,0;15497,6;63226,652;401,6828;129,1;128,8
89;AG8;large;90;14589,0;14677,7;16204,0;16261,6;65203,411;402,4231;128,5;128,5
90;AG8;large;91;14587,0;14819,8;16189,0;16249,8;69196,234;402,7337;109,9;109,4
91;AG8;large;92;14149,0;14211,8;15643,0;15705,6;58749,676;401,7254;125,8;125,5
92;AG8;large;93;14252,0;14331,0;15713,0;15899,7;63218,132;401,0971;127,1;126,8
93;AG8;large;94;14374,0;14460,4;15871,0;16006,4;70092,227;401,6732;123,5;123,3
94;AG8;large;95;14396,0;14528,9;16041,0;16102,0;68007,515;401,5958;129,5;129,4
95;AG8;large;96;13714,0;13890,0;15516,0;15588,2;59107,588;401,6527;159,1;158,9
96;AG8;large;97;13669,0;13736,4;15212,0;15273,0;66358,312;401,6308;140,8;140,2
97;AG8;large;98;13967,0;14107,8;15585,0;15728,0;58651,31999999999;401,7415;133,4;133,1
98;AG8;large;99;15660,0;15784,7;17218,0;17264,2;78024,38100000001;401,5226;110,6;110,4
99;AG8;large;100;3587,0;3697,2;5216,0;5310,7;5191,125;1,3183;59,9;59,9
