;Exp;Grupo;Instancia;Best;Avg;Best_inicial;Poblacion_avg;Tiempo_pob;Time;Total_it;best_iteration
0;AG7;large;1;14514,0;14734,7;15963,0;16084,0;71426,45999999999;401,8109;108,7;108,4
1;AG7;large;2;15097,0;15166,5;16565,0;16690,8;72333,385;401,8913;127,2;126,8
2;AG7;large;3;13678,0;13802,5;15098,0;15277,6;62636,833;402,5347;134,1;133,4
3;AG7;large;4;14083,0;14244,5;15602,0;15665,1;63276,780000000006;402,5382;130,2;129,8
4;AG7;large;5;14435,0;14554,8;15967,0;16030,8;70113,711;401,7787;117,9;117,6
5;AG7;large;6;14873,0;14957,2;16296,0;16440,1;69342,65900000001;401,7636;112,5;112,1
6;AG7;large;7;14152,0;14290,9;15615,0;15821,2;67778,60500000001;402,00419999999997;127,0;126,6
7;AG7;large;8;14190,0;14340,9;15850,0;15944,4;65418,460999999996;401,714;136,9;136,2
8;AG7;large;9;14653,0;14827,4;16010,0;16243,8;70902,827;401,8431;118,5;118,0
9;AG7;large;10;14038,0;14174,4;15678,0;15821,3;66461,552;401,70770000000005;142,1;141,9
10;AG7;large;11;13460,0;13543,9;15132,0;15203,9;60469,99500000001;401,1642;155,4;155,0
11;AG7;large;12;14025,0;14206,4;15559,0;15685,8;68761,56700000001;401,8932;128,0;127,7
12;AG7;large;13;13468,0;13590,8;14997,0;15184,7;58572,39399999999;401,4298;153,5;153,1
13;AG7;large;14;14725,0;14818,4;16144,0;16194,6;64448,572;402,213;108,2;107,9
14;AG7;large;15;14025,0;14116,3;15709,0;15758,7;62989,831999999995;402,1405;143,9;143,8
15;AG7;large;16;13515,0;13623,1;15256,0;15353,9;58930,101;401,7614;166,2;165,9
16;AG7;large;17;13605,0;13661,7;15279,0;15366,2;64236,939;401,3591;164,6;164,2
17;AG7;large;18;14135,0;14359,2;15809,0;15892,3;63247,988;402,4347;132,9;132,5
18;AG7;large;19;14684,0;14891,0;16164,0;16256,4;69513,869;401,9602;106,2;105,7
19;AG7;large;20;14669,0;14834,1;16220,0;16279,8;68472,554;401,8696;118,6;118,4
20;AG7;large;21;13855,0;14000,4;15440,0;15580,3;65174,015;401,9446;133,7;133,6
21;AG7;large;22;14539,0;14624,9;16086,0;16196,1;65860,258;401,7627;132,2;132,1
22;AG7;large;23;13585,0;13787,2;15396,0;15456,0;63870,138;401,3392;146,0;145,9
23;AG7;large;24;14518,0;14703,2;16185,0;16279,4;62228,456000000006;402,1252;131,5;130,9
24;AG7;large;25;14777,0;15070,0;16380,0;16484,6;68551,232;401,4895;114,3;113,3
25;AG7;large;26;14717,0;14815,1;16157,0;16319,0;72021,65;402,7255;118,7;118,4
26;AG7;large;27;13491,0;13662,2;15260,0;15357,0;58924,719999999994;401,6307;161,8;161,4
27;AG7;large;28;14115,0;14210,3;15643,0;15775,4;64958,868;401,37669999999997;147,0;146,3
28;AG7;large;29;13758,0;13950,3;15437,0;15535,1;64689,091;401,3622;144,7;144,2
29;AG7;large;30;13951,0;14064,1;15672,0;15760,9;65602,34400000001;402,0808;149,9;149,6
30;AG7;large;31;13929,0;14114,3;15658,0;15776,1;64961,08200000001;401,107;144,5;144,0
31;AG7;large;32;14094,0;14313,2;15734,0;15839,8;64343,081000000006;402,0283;128,9;128,3
32;AG7;large;33;14319,0;14427,5;15767,0;15901,8;67577,863;401,666;124,2;123,5
33;AG7;large;34;14995,0;15135,5;16398,0;16588,2;67396,952;402,3362;109,3;108,7
34;AG7;large;35;12947,0;13125,6;14654,0;14787,5;64983,824;401,4479;170,7;170,3
35;AG7;large;36;14274,0;14354,9;15965,0;16016,6;64596,617000000006;401,3966;137,8;137,7
36;AG7;large;37;14271,0;14369,7;15652,0;15834,9;65889,026;401,9293;127,2;126,7
37;AG7;large;38;14209,0;14378,8;15690,0;15824,6;70450,043;401,9633;116,5;116,5
38;AG7;large;39;14980,0;15147,6;16338,0;16391,9;72043,881;401,5304;111,1;110,9
39;AG7;large;40;14426,0;14576,1;16021,0;16121,7;73584,88;401,927;115,4;115,1
40;AG7;large;41;13970,0;14079,7;15597,0;15645,3;67726,787;401,4973;127,2;127,1
41;AG7;large;42;14369,0;14610,7;16068,0;16120,7;69658,758;401,96529999999996;126,3;126,0
42;AG7;large;43;14167,0;14236,2;15813,0;15881,3;64141,665;401,552;146,1;145,7
43;AG7;large;44;13148,0;13309,2;14926,0;14968,8;59720,94;401,2879;159,7;159,3
44;AG7;large;45;13453,0;13607,6;15088,0;15233,8;60350,187;400,9651;161,1;161,0
45;AG7;large;46;14482,0;14592,7;15976,0;16035,0;66580,854;401,8226;123,1;122,2
46;AG7;large;47;15378,0;15499,5;16837,0;16986,0;74355,32800000001;402,4362;114,0;113,6
47;AG7;large;48;14799,0;14951,6;16279,0;16355,5;73690,91500000001;401,7632;111,3;110,9
48;AG7;large;49;14960,0;15077,2;16435,0;16542,0;67052,572;402,2348;106,0;105,6
49;AG7;large;50;14494,0;14611,2;16027,0;16077,6;75693,839;401,78470000000004;118,5;118,3
50;AG7;large;51;14812,0;14935,2;16190,0;16296,4;70508,187;402,4808;94,6;94,4
51;AG7;large;52;14569,0;14667,3;15968,0;16044,4;69018,92;403,0822;103,5;102,9
52;AG7;large;53;14668,0;14813,8;16030,0;16127,4;69150,012;401,4929;96,6;96,5
53;AG7;large;54;14417,0;14585,2;15936,0;15981,1;63686,54;401,5188;111,5;110,8
54;AG7;large;55;14334,0;14468,0;15726,0;15854,8;63858,820999999996;402,3107;107,9;107,7
55;AG7;large;56;14361,0;14507,9;15920,0;15965,2;68327,382;402,3137;118,0;117,5
56;AG7;large;57;14294,0;14470,0;15893,0;15997,0;63249,670999999995;402,78049999999996;116,5;116,4
57;AG7;large;58;15074,0;15272,4;16544,0;16628,9;73448,964;401,36859999999996;92,6;92,4
58;AG7;large;59;14086,0;14236,3;15668,0;15757,8;64758,1;401,3574;126,5;126,1
59;AG7;large;60;14297,0;14400,5;15763,0;15863,7;67626,477;401,511;114,9;114,7
60;AG7;large;61;14042,0;14097,7;15565,0;15686,0;64395,81;401,2012;124,7;124,4
61;AG7;large;62;14004,0;14237,0;15681,0;15748,4;61898,518000000004;401,9108;129,9;129,5
62;AG7;large;63;14593,0;14690,3;15881,0;16019,1;69824,214;402,34659999999997;102,6;102,3
63;AG7;large;64;13457,0;13529,2;15132,0;15212,4;59135,102;401,1594;145,1;144,7
64;AG7;large;65;14245,0;14342,9;15762,0;15826,4;61253,85599999999;401,8793;121,4;120,9
65;AG7;large;66;15204,0;15307,4;16601,0;16671,8;76510,151;401,8301;107,2;106,6
66;AG7;large;67;14162,0;14297,5;15662,0;15766,3;69209,955;401,9317;120,5;120,1
67;AG7;large;68;13674,0;13799,6;15292,0;15435,7;67423,234;401,57579999999996;142,4;142,2
68;AG7;large;69;14198,0;14405,2;15776,0;15865,4;68086,639;401,52139999999997;120,2;119,8
69;AG7;large;70;14191,0;14486,7;15773,0;15856,0;69183,091;401,602;107,1;106,8
70;AG7;large;71;13938,0;14030,6;15487,0;15560,9;66456,5;401,546;131,9;131,7
71;AG7;large;72;14450,0;14622,5;15916,0;16020,5;68318,75899999999;401,81350000000003;108,6;108,4
72;AG7;large;73;14711,0;14879,8;16348,0;16392,8;67900,732;401,3165;124,8;124,6
73;AG7;large;74;14937,0;15005,6;16338,0;16412,3;73163,24;402,2418;111,1;110,7
74;AG7;large;75;14098,0;14245,6;15611,0;15743,6;62242,072;402,21500000000003;122,2;121,9
75;AG7;large;76;14603,0;14816,5;16125,0;16215,7;70941,267;403,12019999999995;102,4;102,1
76;AG7;large;77;13532,0;13727,9;15254,0;15337,8;60462,93199999999;401,99989999999997;147,7;147,3
77;AG7;large;78;14911,0;15018,9;16283,0;16363,6;70366,68299999999;400,95369999999997;96,9;96,2
78;AG7;large;79;14069,0;14261,7;15674,0;15752,9;66366,561;401,1619;126,8;126,5
79;AG7;large;80;14019,0;14114,2;15510,0;15654,5;65196,621;401,04499999999996;127,9;127,5
80;AG7;large;81;13493,0;13588,1;15153,0;15187,4;60743,625;401,0698;147,6;147,1
81;AG7;large;82;14637,0;14749,5;16039,0;16098,0;71486,854;401,78249999999997;102,0;101,6
82;AG7;large;83;13548,0;13649,1;15128,0;15206,6;62087,85800000001;401,59360000000004;140,8;140,5
83;AG7;large;84;14279,0;14377,8;15715,0;15850,0;67237,33;402,3984;113,4;112,9
84;AG7;large;85;13624,0;13713,2;15035,0;15230,9;63666,69499999999;401,8544;140,1;139,5
85;AG7;large;86;15155,0;15319,2;16381,0;16626,3;65964,729;403,2887;94,6;94,3
86;AG7;large;87;13485,0;13556,1;15029,0;15134,0;66426,697;401,6107;145,3;145,2
87;AG7;large;88;13940,0;14027,2;15557,0;15648,4;63159,29299999999;401,9172;137,3;136,7
88;AG7;large;89;14038,0;14176,2;15339,0;15497,6;63226,652;402,1222;111,1;110,7
89;AG7;large;90;14729,0;14825,8;16204,0;16261,6;65203,411;402,8053;104,3;103,8
90;AG7;large;91;14811,0;14961,4;16189,0;16249,8;69196,234;402,1666;90,9;90,4
91;AG7;large;92;14256,0;14403,1;15643,0;15705,6;58749,676;401,6264;99,7;99,0
92;AG7;large;93;14200,0;14466,9;15713,0;15899,7;63218,132;402,0353;111,7;111,3
93;AG7;large;94;14510,0;14599,0;15871,0;16006,4;70092,227;403,4101;99,1;99,0
94;AG7;large;95;14506,0;14662,4;16041,0;16102,0;68007,515;401,3091;107,2;106,7
95;AG7;large;96;13847,0;14007,2;15516,0;15588,2;59107,588;401,6182;132,0;131,5
96;AG7;large;97;13733,0;13875,6;15212,0;15273,0;66358,312;402,3891;116,9;116,4
97;AG7;large;98;14166,0;14283,7;15585,0;15728,0;58651,31999999999;402,1792;107,5;107,3
98;AG7;large;99;15854,0;15964,1;17218,0;17264,2;78024,38100000001;402,1312;89,2;88,8
99;AG7;large;100;3638,0;3804,4;5216,0;5310,7;5191,125;1,8579999999999999;37,8;37,3
