;Exp;Grupo;Instancia;Best;Avg;Best_inicial;Poblacion_avg;Tiempo_pob;Time;Total_it;best_iteration
0;AG8;small;1;308,0;308,0;333,0;338,9;525,964;20,0082;1185,0;22,5
1;AG8;small;2;277,0;277,0;291,0;297,6;477,67299999999994;20,0068;1227,7;9,6
2;AG8;small;3;285,0;285,0;303,0;308,8;496,76900000000006;20,008699999999997;1115,8;11,0
3;AG8;small;4;288,0;288,0;310,0;313,5;518,2;20,009800000000002;1047,8;10,7
4;AG8;small;5;282,0;282,7;306,0;308,9;509,974;20,0096;1044,1;65,0
5;AG8;small;6;305,0;305,0;317,0;330,9;500,65299999999996;20,008000000000003;1204,7;11,0
6;AG8;small;7;288,0;288,0;305,0;312,5;519,492;20,008699999999997;1060,4;9,6
7;AG8;small;8;256,0;256,0;264,0;270,3;451,45;20,006999999999998;1185,6;4,6
8;AG8;small;9;277,0;277,0;286,0;295,7;466,867;20,0065;1279,4;8,6
9;AG8;small;10;316,0;316,0;337,0;343,9;553,733;20,0089;1127,3;11,9
10;AG8;small;11;304,0;304,0;325,0;329,8;531,284;20,0085;1084,3;15,5
11;AG8;small;12;286,0;286,0;309,0;314,7;482,826;20,0082;1114,1;16,9
12;AG8;small;13;266,0;266,0;281,0;288,2;483,842;20,0095;1049,6;13,8
13;AG8;small;14;269,0;269,0;278,0;286,6;477,62;20,011000000000003;1238,0;10,5
14;AG8;small;15;275,0;275,0;289,0;294,8;490,927;20,007600000000004;1213,8;11,0
15;AG8;small;16;295,0;295,0;318,0;323,9;533,8979999999999;20,0103;1096,3;20,0
16;AG8;small;17;262,0;262,0;284,0;289,7;465,28000000000003;20,017599999999998;1153,2;20,1
17;AG8;small;18;253,0;253,0;273,0;279,7;439,24899999999997;20,0149;1224,2;15,3
18;AG8;small;19;244,0;244,0;265,0;270,2;442,605;20,0118;1197,6;14,0
19;AG8;small;20;286,0;286,0;308,0;314,4;504,12399999999997;20,0073;1104,0;16,0
20;AG8;small;21;292,0;292,0;306,0;310,0;517,884;20,0083;1171,4;12,4
21;AG8;small;22;237,0;237,0;250,0;254,6;404,944;20,0078;1279,8;7,1
22;AG8;small;23;276,0;276,0;286,0;292,8;454,919;20,0044;1285,2;7,2
23;AG8;small;24;294,0;294,0;302,0;312,9;530,8140000000001;20,0111;1068,6;7,6
24;AG8;small;25;238,0;238,0;248,0;256,7;417,517;20,0105;1245,5;10,0
25;AG8;small;26;295,0;295,0;315,0;321,2;493,81399999999996;20,0062;1276,1;11,4
26;AG8;small;27;302,0;302,0;317,0;324,7;565,108;20,0082;1046,1;10,7
27;AG8;small;28;288,0;288,0;317,0;322,7;519,5060000000001;20,0103;1088,3;15,5
28;AG8;small;29;298,0;298,0;322,0;330,5;548,619;20,0072;1093,7;13,4
29;AG8;small;30;299,0;299,0;331,0;334,9;527,458;20,0075;1078,0;19,4
30;AG8;small;31;265,0;265,0;285,0;296,1;460,796;20,009800000000002;1220,1;23,8
31;AG8;small;32;329,0;329,0;335,0;353,9;510,851;20,0059;1276,3;8,2
32;AG8;small;33;309,0;309,0;335,0;342,8;550,653;20,0093;1053,3;18,5
33;AG8;small;34;312,0;312,0;334,0;341,5;567,197;20,0102;1088,4;13,3
34;AG8;small;35;285,0;285,0;306,0;312,0;511,674;20,0105;1062,4;14,4
35;AG8;small;36;265,0;265,0;281,0;289,1;461,329;20,0104;1251,2;8,6
36;AG8;small;37;276,0;276,0;294,0;301,9;500,157;20,0112;1106,4;16,6
37;AG8;small;38;249,0;249,0;263,0;268,6;421,101;20,008000000000003;1288,3;8,3
38;AG8;small;39;277,0;277,0;306,0;312,0;491,283;20,0122;1245,3;13,3
39;AG8;small;40;260,0;260,9;279,0;290,5;470,564;20,0154;1092,2;37,6
40;AG8;small;41;289,0;289,0;305,0;311,6;469,27299999999997;20,0129;1289,7;15,0
41;AG8;small;42;297,0;297,0;321,0;325,2;517,618;20,013399999999997;1153,8;11,7
42;AG8;small;43;297,0;297,0;318,0;322,6;552,827;20,0134;1060,9;14,4
43;AG8;small;44;270,0;270,0;281,0;287,8;491,922;20,0096;1183,5;6,7
44;AG8;small;45;322,0;322,0;345,0;351,4;572,646;20,009300000000003;1047,5;13,1
45;AG8;small;46;243,0;243,0;250,0;264,3;438,659;20,009999999999998;1216,9;9,3
46;AG8;small;47;323,0;323,0;345,0;350,0;534,857;20,0095;1160,8;13,6
47;AG8;small;48;298,0;302,0;329,0;332,3;547,318;20,0095;1067,3;77,2
48;AG8;small;49;268,0;268,0;288,0;296,5;479,238;20,0078;1134,9;12,9
49;AG8;small;50;295,0;295,0;319,0;323,8;500,25100000000003;20,0096;1123,0;14,5
50;AG8;small;51;280,0;280,0;306,0;314,6;496,378;20,009300000000003;1161,3;17,7
51;AG8;small;52;344,0;344,0;360,0;372,2;591,6479999999999;20,0073;1044,0;11,4
52;AG8;small;53;282,0;282,0;307,0;311,6;529,94;20,0111;1056,2;20,2
53;AG8;small;54;272,0;272,0;291,0;297,4;445,053;20,008100000000002;1281,3;9,6
54;AG8;small;55;304,0;304,0;316,0;328,6;493,62;20,008000000000003;1280,7;15,7
55;AG8;small;56;288,0;288,0;305,0;314,1;497,93899999999996;20,0082;1286,3;11,6
56;AG8;small;57;259,0;259,0;277,0;285,3;484,049;20,011599999999998;1101,0;12,5
57;AG8;small;58;336,0;336,0;359,0;371,9;576,101;20,0077;1177,7;14,8
58;AG8;small;59;284,0;284,0;294,0;296,5;483,058;20,009999999999998;1069,3;7,6
59;AG8;small;60;256,0;256,0;265,0;275,7;473,904;20,0086;1116,3;12,3
60;AG8;small;61;308,0;308,0;333,0;340,6;528,766;20,0074;1160,1;20,6
61;AG8;small;62;300,0;300,0;316,0;324,8;528,8720000000001;20,0068;1117,7;11,7
62;AG8;small;63;279,0;279,0;298,0;301,6;496,79400000000004;20,0077;1128,6;11,3
63;AG8;small;64;290,0;290,0;308,0;314,0;495,63;20,0064;1154,2;10,3
64;AG8;small;65;277,0;277,0;297,0;301,8;473,66700000000003;20,0086;1225,0;11,3
65;AG8;small;66;290,0;290,0;305,0;318,2;522,688;20,0109;1070,7;14,8
66;AG8;small;67;325,0;330,6;353,0;361,8;575,339;20,0115;1044,0;55,1
67;AG8;small;68;298,0;298,0;314,0;321,9;528,417;20,009;1068,8;14,9
68;AG8;small;69;307,0;307,0;323,0;330,5;557,015;20,0131;1074,0;12,9
69;AG8;small;70;277,0;277,0;286,0;296,0;470,86199999999997;20,0118;1206,0;9,2
70;AG8;small;71;298,0;298,9;319,0;326,2;523,12;20,0079;1153,2;38,5
71;AG8;small;72;262,0;262,0;268,0;276,0;438,34400000000005;20,0105;1225,0;6,5
72;AG8;small;73;277,0;277,0;294,0;298,1;452,447;20,0064;1262,3;12,8
73;AG8;small;74;271,0;280,0;294,0;304,1;526,545;20,009;1070,0;21,3
74;AG8;small;75;219,0;219,0;235,0;239,4;405,245;20,0074;1286,6;9,0
75;AG8;small;76;296,0;296,0;320,0;323,2;508,77700000000004;20,0202;1195,9;10,5
76;AG8;small;77;288,0;288,0;293,0;302,6;480,28999999999996;20,0083;1259,7;6,7
77;AG8;small;78;257,0;257,0;275,0;283,1;476,686;20,0133;1057,5;14,7
78;AG8;small;79;281,0;281,0;303,0;308,0;482,88199999999995;20,0099;1130,6;11,3
79;AG8;small;80;279,0;279,0;291,0;300,5;494,196;20,0092;1197,4;10,2
80;AG8;small;81;270,0;270,0;278,0;290,2;452,433;20,008000000000003;1252,2;7,5
81;AG8;small;82;346,0;346,9;368,0;383,0;611,9219999999999;20,0094;1044,6;98,9
82;AG8;small;83;265,0;265,0;278,0;283,8;503,235;20,0069;1133,6;9,3
83;AG8;small;84;272,0;272,0;287,0;294,0;459,00100000000003;20,009800000000002;1259,7;11,9
84;AG8;small;85;304,0;304,0;321,0;330,2;513,229;20,0099;1230,1;16,4
85;AG8;small;86;336,0;336,0;359,0;363,4;571,26;20,014599999999998;1115,5;10,9
86;AG8;small;87;267,0;267,0;279,0;290,1;466,805;20,0096;1195,8;9,5
87;AG8;small;88;305,0;305,0;322,0;330,4;510,98;20,0084;1181,2;13,1
88;AG8;small;89;289,0;289,0;300,0;311,6;495,849;20,0107;1152,0;10,0
89;AG8;small;90;311,0;311,0;337,0;342,3;544,365;20,0085;1116,9;13,3
90;AG8;small;91;280,0;280,0;296,0;305,5;486,858;20,0102;1155,0;8,6
91;AG8;small;92;298,0;298,0;318,0;325,8;514,399;20,011000000000003;1210,2;9,9
92;AG8;small;93;304,0;304,0;327,0;331,9;541,801;20,0092;1068,0;12,7
93;AG8;small;94;308,0;308,0;322,0;334,2;537,9449999999999;20,0165;1139,3;9,3
94;AG8;small;95;263,0;263,0;273,0;282,7;447,025;20,017699999999998;1234,8;10,1
95;AG8;small;96;267,0;267,0;291,0;297,4;488,137;20,0191;1086,6;18,0
96;AG8;small;97;264,0;264,0;273,0;281,3;449,378;20,012800000000002;1250,9;8,3
97;AG8;small;98;296,0;296,0;306,0;316,8;517,174;20,0149;1204,9;9,0
98;AG8;small;99;273,0;273,0;284,0;296,2;511,941;20,0075;1027,5;16,2
99;AG8;small;100;62,0;62,0;73,0;83,4;35,232;0,0081;248,2;
